398
729
741
744
747
750
780
837
846
849
852
855
858
867
870
873
876
879
882
885
888
891
894
903
906
909
912
915
918
921
924
927
930
933
936
939
942
980
986
1043
1049
1052
1055
1061
1064
1073
1079
1088
1091
1097
1109
1115
1118
1121
1124
1127
1148
1151
1154
1169
1178
1181
1184
1187
1190
1202
1214
1220
1226
1232
1238
1244
1250
1256
1259
1268
1274
1280
1286
1289
1292
1298
1334
1343
1352
1361
1436
1442
1475
1481
1520
1553
1565
1601
1607
1610
1613
1616
1619
1622
1625
1628
1640
1655
1934
1937
1940
1943
1946
1961
2012
2054
2057
2060
2063
2066
2069
2072
2090
2093
2096
2114
2117
2120
2123
2126
2129
2132
2135
2138
2144
2147
2150
2156
2159
2162
2165
2168
2171
2174
2177
2183
2207
2213
2216
2219
2222
2258
2261
2264
2270
2276
2298
2381
2514
2526
2529
2574
2761
3158
3161
3167
3176
3179
3182
3185
3191
3197
3206
3220
3223
3232
3235
3238
3244
3247
3250
3253
3256
3259
3268
3271
3277
3280
3292
3304
3313
3316
3325
3364
3367
3373
3379
3382
3400
3403
3406
3409
3412
3415
3418
3421
3424
3427
3430
3433
3436
3439
3442
3445
3448
3451
3454
3457
3460
3466
3478
3484
3490
3493
3496
3499
3505
3508
3517
3520
3523
3526
3529
3532
3535
3541
3544
3547
3550
3553
3571
3574
3577
3609
3621
3624
3700
3703
3709
3718
3724
3727
3733
3736
3742
3745
3748
3751
3754
3760
3763
3777
3780
3783
3786
3789
3792
3860
3891
3894
3912
3915
3936
3942
3957
3963
3969
3975
3981
3987
3990
3993
3996
3999
4002
4031
4039
4042
4045
4054
4072
4078
4087
4090
4096
4099
4111
4114
4117
4126
4135
4156
4173
4184
4190
4193
4236
5124
5142
5151
5181
5187
5199
5202
5205
5221
5230
5239
5242
5272
5300
5303
5306
5309
5312
5315
5318
5324
5327
5330
5333
5336
5468
5471
5492
5504
5507
5510
5513
5540
5543
5552
5561
5567
5570
5576
5594
5606
5615
5627
5630
5648
5660
5672
5681
5690
5693
5696
5705
5749
5761
5801
5844
5847
5850
5856
5859
5862
5871
5874
5900
5906
5912
5972
5975
5990
6005
6047
6050
6053
6065
6068
6110
6113
6122
6131
6176
6197
6200
6203
6206
6212
6224
6227
6230
6245
6251
6254
6257
6263
6269
6275
6278
6281
6284
6287
6290
6299
6314
6317
6329
6341
6344
6347
6353
6356
6362
6368
6380
6389
6401
6455
6461
6464
6482
6485
6488
6491
6494
6503
6533
6562
6589
6592
6602
6625
6628
6634
6638
6656
6662
6698
6741
6744
6747
6750
6753
6756
6759
6762
6816
6825
6852
6855
6858
6861
6873
6879
6902
6905
6917
6934
6970
6973
6976
6979
6982
6991
6998
7001
7018
7021
7024
7038
7041
7044
7047
7065
7071
7107
7110
7113
7116
7149
7214
7223
7237
7240
7243
7273
7402
7405
7438
7444
7447
7450
7453
7456
7459
7462
7513
7516
7525
7537
7540
7558
7561
7570
7576
7612
7633
7636
7639
7642
7651
7657
7690
7711
7714
7717
7720
7723
7729
7738
7741
7756
7759
7762
7777
7780
7783
7828
7843
7852
7873
7876
7879
7894
7900
7903
7906
7924
7939
7954
7957
7960
7963
8221
8352
8412
8427
8469
8472
8475
8478
8493
8586
8691
8712
8724
8769
8775
8778
8781
8787
8796
8802
8808
8811
8817
8820
8826
8829
8832
8835
8838
8841
8847
8850
9829
9877
9915
9926
9929
9937
9943
9951
9954
9960
9963
9966
9971
9974
9977
9980
9983
9995
9998
10003
10006
10009
10012
10018
10027
10041
10044
10047
10050
10053
10056
10059
10062
10065
10068
10071
10074
10077
10088
10091
10094
10097
10103
10106
10109
10112
10118
10121
10129
10132
10135
10138
10141
10144
10147
10152
10155
10158
10161
10164
10167
10170
10173
10178
10196
10202
10208
10214
10217
10220
10223
10241
10268
10271
10274
10277
10280
10283
10286
10289
10295
10298
10301
10304
10307
10310
10315
10318
10321
10324
10327
10330
10333
10336
10339
10342
10362
10374
10377
10380
10383
10389
10392
10395
10398
10409
10442
10445
10448
10451
10454
10457
10460
10463
10466
10469
10472
10475
10480
10483
10486
10489
10516
10522
10525
10531
10540
10543
10546
10549
10552
10555
10558
10561
10564
10567
10570
10573
10579
10582
10594
10597
10600
10603
10609
10612
10632
10635
10638
10641
10644
10692
10695
10698
10701
10704
10718
10721
10751
10757
10760
10763
10769
10772
10775
10784
10787
10790
10793
10799
10802
10805
10810
10813
10816
10819
10822
10825
10828
10833
10836
10839
10842
10845
10848
10851
10854
10857
10862
10865
10868
10871
10874
10877
10880
10883
10888
10891
10894
10897
10900
10903
10908
10911
10914
10926
10929
10938
10944
10947
10950
10953
10992
11012
11015
11018
11021
11027
11030
11033
11041
11044
11047
11050
11067
11073
11076
11084
11087
11090
11093
11104
11113
11122
11131
11140
11149
11155
11158
11170
11173
11176
11179
11182
11185
11208
11211
11220
11223
11226
11229
11235
11243
11246
11249
11252
11255
11258
11261
11264
11269
11272
11275
11278
11281
11284
11287
11292
11295
11298
11301
11304
11307
11327
11330
11342
11345
11348
11351
11354
11357
11363
11369
11375
11378
11381
11384
11387
11390
11393
11396
11399
11402
11408
11411
11414
11417
11420
11423
11426
11434
11437
11440
11443
11446
11449
11452
11455
11464
11467
11470
11473
11476
11479
11482
11485
11488
11491
11494
11497
11503
11506
11509
11512
11515
11518
11524
11529
11532
11535
11538
11541
11544
11547
11550
11553
11556
11559
11562
11574
11577
11580
11583
11586
11589
11592
11595
11600
11603
11606
11609
11612
11615
11621
11624
11627
11630
11633
11636
11639
11642
11645
11648
11651
11654
11657
11660
11668
11671
11674
11677
11680
11683
11689
11692
11695
11698
11701
11704
11707
11713
11716
11719
11722
11725
11728
11731
11734
11737
11740
11743
11758
11761
11764
11767
11770
11773
11776
11779
11784
11787
11790
11793
11796
11799
11802
11805
11808
11813
11816
11819
11822
11825
11830
11833
11836
11839
11842
11850
11853
11856
11859
11862
11865
11876
11879
11882
11885
11888
11891
11894
11897
11906
11911
11914
11917
11920
11923
11926
11929
11932
11935
11938
11955
11958
11961
11964
11967
11972
11975
11978
11981
11984
11987
11990
12004
12007
12010
12013
12016
12019
12022
12027
12030
12033
12036
12039
12042
12045
12048
12051
12056
12077
12086
12095
12136
12139
12142
12145
12148
12153
12156
12159
12162
12165
12168
12171
12176
12179
12182
12185
12188
12191
12194
12197
12200
12206
12209
12212
12215
12218
12221
12224
12227
12230
12233
12236
12239
12248
12251
12254
12257
12260
12263
12266
12269
12272
12275
12278
12281
12284
12287
12290
12296
12299
12302
12305
12308
12313
12316
12319
12322
12325
12333
12336
12357
12363
12384
12387
12390
12393
12396
12399
12402
12405
12408
12411
12416
12419
12422
12425
12428
12431
12434
12475
12478
12484
12487
12490
12499
12505
12508
12517
12523
12529
12547
12556
12559
12562
12583
12589
12595
12610
12613
12616
12619
12622
12625
12628
12631
12640
12646
12649
12652
12655
12670
12673
12676
12679
12683
12692
12704
12725
12737
12752
12755
12758
12761
12764
12767
12770
12773
12776
12779
12792
12795
12812
12815
12818
12830
12833
12836
12842
12845
12848
12851
12854
12857
12860
12863
12866
12869
12872
12875
12878
12881
12884
12887
12890
12893
12901
12904
12907
12910
12913
12916
12919
12924
12927
12930
12933
12936
12939
12945
12950
12953
12956
12959
12965
12970
12973
12976
12979
12982
12985
12999
13002
13005
13008
13014
13017
13020
13023
13028
13031
13034
13037
13040
13043
13046
13051
13054
13057
13060
13066
13071
13074
13077
13080
13083
13086
13089
13094
13097
13100
13103
13108
13135
13138
13150
13159
13162
13165
13168
13171
13174
13185
13188
13191
13194
13197
13200
13203
13206
13209
13215
13218
13223
13226
13229
13232
13235
13238
13271
13274
13289
13313
13679
13702
13741
13932
13947
13971
13974
13977
13983
13989
13992
13995
14077
14080
14083
14086
14089
14095
14098
14101
14104
14107
14152
14155
14158
14161
14164
14167
14170
14173
14176
14179
14182
14185
14200
14233
14245
14254
14289
14328
14331
14340
14449
14491
14522
14625
14628
14662
14759
14762
14774
14777
14780
14837
14864
14918
14947
15010
15016
15028
15124
15142
15272
15281
15287
15299
15335
15341
15347
15452
15466
15477
15480
15484
15488
15565
15569
15606
15617
15671
15674
15677
15680
15683
15847
